2@0.9397260273972603,0.16666666666666666,0.8542538354253835,0.9067501739735561,0.8895066018068102,0.946490618485059,0.0743801652892562,0.08454106280193237,0.03765690376569038,0.07432432432432433,0.047018115204559334,0.047619047619047616,0.07027027027027027~0.021917808219178082,0.33333333333333337,0.6311018131101812,0.7362560890744607,0.6532314107018763,0.7505211952744961,0.2975206611570248,0.05475040257648953,0.02092050209205021,0.2922297297297297,0.24689599023000205,0.07142857142857142,0.03513513513513514
2@0.4794520547945206,0.16666666666666666,0.8647140864714086,0.9916492693110648,0.95135510771369,0.08130646282140376,0.4495867768595041,0.143317230273752,0.099581589958159,0.4054054054054055,0.3574190922043558,0.07142857142857142,0.14594594594594595~0.7534246575342466,0.5,0.6785216178521617,0.7070285316631872,0.6984016678248783,0.7241139680333565,0.01652892561983471,0.057971014492753624,0.01841004184100418,0.021959459459459457,0.007531040097699981,0.047619047619047616,0.032432432432432434
2@0.589041095890411,0.9999999999999999,0.50557880055788,0.5970772442588727,0.5232800555941626,0.6101459346768588,0.1652892561983471,0.05314009661835749,0.01506276150627615,0.1554054054054054,0.13189497252188073,0.03571428571428571,0.05945945945945946~0.1452054794520548,0.8333333333333334,0.6903765690376569,0.7571329157967989,0.8019457956914523,0.8714384989576094,0.10743801652892562,0.1706924315619968,0.12887029288702928,0.10641891891891893,0.07205373498880521,0.14285714285714285,0.04594594594594595
2@0.21643835616438356,0.5,0.4707112970711297,0.5281837160751566,0.4836692147324531,0.5364836692147325,0.08429752066115703,0.04750402576489533,0.00920502092050209,0.07094594594594594,0.05800936291471606,0.05952380952380952,0.05675675675675676~0.8794520547945206,0.0,0.3905160390516039,0.5142658315935977,0.40931202223766505,0.5337039610840861,0.1421487603305785,0.060386473429951695,0.015899581589958158,0.14020270270270271,0.1308772644005699,0.09523809523809523,0.05405405405405406
3@0.14246575342465756,0.6666666666666666,0.49860529986053,0.5483646485734168,0.5441278665740097,0.6025017373175816,0.1652892561983471,0.10064412238325282,0.04853556485355648,0.1722972972972973,0.11662935070221861,0.14285714285714285,0.05945945945945946~1.0,0.33333333333333337,0.6729428172942816,0.7188587334725122,0.6803335649756775,0.7241139680333565,0.05785123966942149,0.04428341384863124,0.003347280334728033,0.05743243243243243,0.033380826378994505,0.15476190476190477,0.021621621621621623
3@0.6821917808219178,0.8333333333333334,0.24755927475592746,0.337508698677801,0.2550382209867964,0.3370396108408617,0.25950413223140495,0.03703703703703704,0.0016736401673640164,0.2533783783783784,0.22552411968247507,0.07142857142857142,0.03783783783783784~0.4794520547945206,0.16666666666666666,0.8647140864714086,0.9916492693110648,0.95135510771369,0.08130646282140376,0.4495867768595041,0.143317230273752,0.099581589958159,0.4054054054054055,0.3574190922043558,0.07142857142857142,0.14594594594594595
3@0.1452054794520548,0.8333333333333334,0.6903765690376569,0.7571329157967989,0.8019457956914523,0.8714384989576094,0.10743801652892562,0.1706924315619968,0.12887029288702928,0.10641891891891893,0.07205373498880521,0.14285714285714285,0.04594594594594595~0.2410958904109589,0.8333333333333334,0.6366806136680613,0.8510786360473208,0.65045170257123,0.8533703961084086,0.25950413223140495,0.04106280193236715,0.010878661087866108,0.23310810810810811,0.24974557296967229,0.08333333333333333,0.051351351351351354
3@0.9397260273972603,0.16666666666666666,0.8542538354253835,0.9067501739735561,0.8895066018068102,0.946490618485059,0.0743801652892562,0.08454106280193237,0.03765690376569038,0.07432432432432433,0.047018115204559334,0.047619047619047616,0.07027027027027027~0.2410958904109589,0.8333333333333334,0.6366806136680613,0.8510786360473208,0.65045170257123,0.8533703961084086,0.25950413223140495,0.04106280193236715,0.010878661087866108,0.23310810810810811,0.24974557296967229,0.08333333333333333,0.051351351351351354
4@0.6602739726027398,0.6666666666666666,0.6868898186889818,0.7299930410577592,0.7324530924252953,0.773453787352328,0.051239669421487596,0.08856682769726248,0.04937238493723849,0.05743243243243243,0.042540199470791774,0.047619047619047616,0.03513513513513514~0.07397260273972603,0.0,0.40097629009762903,0.4474599860821155,0.5135510771369006,0.5608061153578874,0.05785123966942149,0.16908212560386474,0.12887029288702928,0.06925675675675676,0.025646244657032365,0.14285714285714285,0.01891891891891892
4@0.6986301369863014,0.6666666666666666,0.43235704323570434,0.5560194850382741,0.4496177901320361,0.5649756775538568,0.1421487603305785,0.04830917874396135,0.014225941422594143,0.125,0.11805414207205372,0.08333333333333333,0.04594594594594595~0.5013698630136987,0.33333333333333337,0.8458856345885634,0.9916492693110648,0.852675469075747,0.9993050729673384,0.19669421487603306,0.04750402576489533,0.003347280334728033,0.2043918918918919,0.19845308365560757,0.10714285714285714,0.03513513513513514
4@0.9342465753424658,0.9999999999999999,0.7705718270571826,0.8789144050104384,0.7762334954829743,0.8728283530229325,0.20661157024793386,0.03140096618357488,0.0016736401673640164,0.17905405405405406,0.1532668430694077,0.07142857142857142,0.051351351351351354~0.6821917808219178,0.8333333333333334,0.24755927475592746,0.337508698677801,0.2550382209867964,0.3370396108408617,0.25950413223140495,0.03703703703703704,0.0016736401673640164,0.2533783783783784,0.22552411968247507,0.07142857142857142,0.03783783783783784
4@0.0,0.16666666666666666,0.5195258019525801,0.7606123869171886,0.5448227936066713,0.7831827658095899,0.32231404958677684,0.06441223832528181,0.02426778242677824,0.3260135135135135,0.34337472013026665,0.03571428571428571,0.051351351351351354~0.09315068493150684,0.0,0.296373779637378,0.3430758524704245,0.30993745656706045,0.3558026407227241,0.05785123966942149,0.05233494363929147,0.00920502092050209,0.06925675675675676,0.06146957052717281,0.11904761904761904,0.01891891891891892
5@0.5287671232876713,0.8333333333333334,0.5578800557880055,0.7536534446764092,0.5628908964558721,0.7484364141765114,0.21487603305785125,0.032206119162640906,0.0,0.21621621621621623,0.1976389171585589,0.047619047619047616,0.01891891891891892~0.5041095890410959,0.5,0.6171548117154811,0.663187195546277,0.6254343293954134,0.665045170257123,0.05785123966942149,0.040257648953301126,0.004184100418410041,0.060810810810810814,0.03806228373702422,0.047619047619047616,0.024324324324324326
5@0.5041095890410959,0.5,0.6171548117154811,0.663187195546277,0.6254343293954134,0.665045170257123,0.05785123966942149,0.040257648953301126,0.004184100418410041,0.060810810810810814,0.03806228373702422,0.047619047619047616,0.024324324324324326~0.14246575342465756,0.6666666666666666,0.49860529986053,0.5483646485734168,0.5441278665740097,0.6025017373175816,0.1652892561983471,0.10064412238325282,0.04853556485355648,0.1722972972972973,0.11662935070221861,0.14285714285714285,0.05945945945945946
5@0.9342465753424658,0.9999999999999999,0.7705718270571826,0.8789144050104384,0.7762334954829743,0.8728283530229325,0.20661157024793386,0.03140096618357488,0.0016736401673640164,0.17905405405405406,0.1532668430694077,0.07142857142857142,0.051351351351351354~0.589041095890411,0.9999999999999999,0.8221757322175731,0.9554627696590119,0.8498957609451007,0.9589993050729673,0.5636363636363637,0.0426731078904992,0.02845188284518828,0.472972972972973,0.483614899246896,0.07142857142857142,0.11621621621621622
5@0.589041095890411,0.9999999999999999,0.50557880055788,0.5970772442588727,0.5232800555941626,0.6101459346768588,0.1652892561983471,0.05314009661835749,0.01506276150627615,0.1554054054054054,0.13189497252188073,0.03571428571428571,0.05945945945945946~0.9671232876712329,0.6666666666666666,0.610181311018131,0.6597077244258873,0.6198749131341209,0.6719944405837387,0.06611570247933884,0.05233494363929147,0.005857740585774058,0.08108108108108109,0.040301241603908,0.11904761904761904,0.024324324324324326
6@0.021917808219178082,0.33333333333333337,0.6311018131101812,0.7362560890744607,0.6532314107018763,0.7505211952744961,0.2975206611570248,0.05475040257648953,0.02092050209205021,0.2922297297297297,0.24689599023000205,0.07142857142857142,0.03513513513513514~0.589041095890411,0.9999999999999999,0.50557880055788,0.5970772442588727,0.5232800555941626,0.6101459346768588,0.1652892561983471,0.05314009661835749,0.01506276150627615,0.1554054054054054,0.13189497252188073,0.03571428571428571,0.05945945945945946
6@0.16986301369863016,0.0,0.714783821478382,0.8385525400139179,0.7241139680333565,0.8436414176511465,0.14380165289256197,0.04428341384863124,0.005857740585774058,0.1097972972972973,0.11418685121107267,0.20238095238095238,0.05945945945945946~0.021917808219178082,0.33333333333333337,0.6311018131101812,0.7362560890744607,0.6532314107018763,0.7505211952744961,0.2975206611570248,0.05475040257648953,0.02092050209205021,0.2922297297297297,0.24689599023000205,0.07142857142857142,0.03513513513513514
6@0.043835616438356165,0.5,0.6952580195258019,0.8295059151009047,0.6997915218902014,0.8318276580958999,0.16859504132231404,0.04106280193236715,0.0,0.16554054054054054,0.15469163443924283,0.16666666666666666,0.02702702702702703~1.0,0.33333333333333337,0.6729428172942816,0.7188587334725122,0.6803335649756775,0.7241139680333565,0.05785123966942149,0.04428341384863124,0.003347280334728033,0.05743243243243243,0.033380826378994505,0.15476190476190477,0.021621621621621623
6@0.5287671232876713,0.8333333333333334,0.5578800557880055,0.7536534446764092,0.5628908964558721,0.7484364141765114,0.21487603305785125,0.032206119162640906,0.0,0.21621621621621623,0.1976389171585589,0.047619047619047616,0.01891891891891892~0.7095890410958904,0.16666666666666666,0.7489539748953974,0.8002783576896312,0.8019457956914523,0.8471160528144545,0.17024793388429751,0.09259259259259259,0.058577405857740586,0.16891891891891894,0.16018725829432118,0.05952380952380952,0.032432432432432434
7@0.589041095890411,0.9999999999999999,0.8221757322175731,0.9554627696590119,0.8498957609451007,0.9589993050729673,0.5636363636363637,0.0426731078904992,0.02845188284518828,0.472972972972973,0.483614899246896,0.07142857142857142,0.11621621621621622~0.16438356164383564,0.8333333333333334,0.5153417015341701,0.594293667362561,0.5316191799861014,0.6073662265462126,0.4330578512396694,0.05314009661835749,0.013389121338912131,0.4375,0.38225117036433953,0.05952380952380952,0.04594594594594595
7@0.6520547945205479,0.16666666666666666,0.7426778242677824,0.9171885873347252,0.7797081306462821,0.9409312022237665,0.2644628099173554,0.06602254428341385,0.03933054393305439,0.23648648648648649,0.2359047425198453,0.05952380952380952,0.051351351351351354~0.589041095890411,0.9999999999999999,0.8221757322175731,0.9554627696590119,0.8498957609451007,0.9589993050729673,0.5636363636363637,0.0426731078904992,0.02845188284518828,0.472972972972973,0.483614899246896,0.07142857142857142,0.11621621621621622
7@0.6821917808219178,0.8333333333333334,0.24755927475592746,0.337508698677801,0.2550382209867964,0.3370396108408617,0.25950413223140495,0.03703703703703704,0.0016736401673640164,0.2533783783783784,0.22552411968247507,0.07142857142857142,0.03783783783783784~0.21643835616438356,0.5,0.4707112970711297,0.5281837160751566,0.4836692147324531,0.5364836692147325,0.08429752066115703,0.04750402576489533,0.00920502092050209,0.07094594594594594,0.05800936291471606,0.05952380952380952,0.05675675675675676
7@0.9561643835616439,0.0,0.2894002789400279,0.37439109255393177,0.3015983321751216,0.3870743571924948,0.049586776859504134,0.05233494363929147,0.007531380753138075,0.0472972972972973,0.026053327905556686,0.047619047619047616,0.062162162162162166~0.6931506849315069,0.33333333333333337,0.2894002789400279,0.40292275574112735,0.334954829742877,0.4461431549687283,0.21652892561983472,0.08776167471819646,0.04769874476987447,0.2195945945945946,0.20374516588642377,0.03571428571428571,0.051351351351351354
